255.000 -380.000 180.000 180.000 0.000 90.000
255.440 -383.355 250.000 180.000 0.000 90.000
244.525 -383.054 250.000 180.000 0.000 90.000
244.033 -399.788 250.000 180.000 0.000 90.000
247.782 -414.429 250.000 180.000 0.000 90.000
241.233 -427.140 250.000 180.000 0.000 90.000
229.406 -428.031 250.000 180.000 0.000 90.000
218.165 -426.100 250.000 180.000 0.000 90.000
210.184 -437.871 250.000 180.000 0.000 90.000
248.407 -350.000 250.000 180.000 0.000 90.000
243.615 -387.276 250.000 180.000 0.000 90.000
233.034 -407.275 250.000 180.000 0.000 90.000
225.048 -421.005 250.000 180.000 0.000 90.000
217.915 -420.212 250.000 180.000 0.000 90.000
224.160 -350.000 250.000 180.000 0.000 90.000
235.023 -350.000 250.000 180.000 0.000 90.000
253.016 -355.683 250.000 180.000 0.000 90.000
253.663 -362.187 250.000 180.000 0.000 90.000
253.228 -359.856 250.000 180.000 0.000 90.000
256.006 -370.971 250.000 180.000 0.000 90.000
245.657 -377.759 250.000 180.000 0.000 90.000
231.581 -390.504 250.000 180.000 0.000 90.000
219.467 -401.847 250.000 180.000 0.000 90.000
214.789 -407.221 250.000 180.000 0.000 90.000
214.226 -408.240 250.000 180.000 0.000 90.000
214.835 -410.395 250.000 180.000 0.000 90.000
215.696 -411.736 250.000 180.000 0.000 90.000
216.529 -408.982 250.000 180.000 0.000 90.000
216.827 -408.016 250.000 180.000 0.000 90.000
218.159 -406.884 250.000 180.000 0.000 90.000
220.071 -405.614 250.000 180.000 0.000 90.000
222.692 -402.534 250.000 180.000 0.000 90.000
231.109 -414.412 250.000 180.000 0.000 90.000
229.542 -436.421 250.000 180.000 0.000 90.000
249.123 -468.980 250.000 180.000 0.000 90.000
250.959 -518.685 250.000 180.000 0.000 90.000
254.981 -550.000 250.000 180.000 0.000 90.000
275.713 -550.000 250.000 180.000 0.000 90.000
271.097 -550.000 250.000 180.000 0.000 90.000
251.650 -550.000 250.000 180.000 0.000 90.000
197.233 -550.000 250.000 180.000 0.000 90.000
181.753 -550.000 250.000 180.000 0.000 90.000
178.356 -550.000 250.000 180.000 0.000 90.000
154.725 -550.000 250.000 180.000 0.000 90.000
150.000 -550.000 250.000 180.000 0.000 90.000
